0 0.764608 0.007421875 0.7667968000000001 0.006561718750000089 0.7700768 0.006092968749999983 0.7723424 0.006561718750000089 0.7742176000000001 0.007890624999999929 0.7747648 0.009453906249999911 0.7743743999999999 0.011406250000000107 0.7726559999999999 0.012655468750000055 0.7685952 0.012578125000000107 0.7650783999999999 0.010860156250000053 0.7637503999999999 0.009842968749999948 0.763984 0.009062499999999928
0 0.7266400000000001 0.005858593750000018 0.7275008 0.003360156249999946 0.7300000000000001 0.003360156249999946 0.7310144 0.0047664062499999105 0.7339840000000001 0.005078125 0.7323424 0.007344531250000052 0.7315616 0.009219531249999946 0.7313280000000001 0.010703125000000036 0.729376 0.011406250000000107 0.7285152 0.010703125000000036 0.7262496 0.010077343750000089 0.7265632 0.00828203124999991
0 0.6524992 0.004921093749999983 0.653984 0.002265625000000071 0.653984 0.000859374999999929 0.6626559999999999 0.0015625 0.664608 0.003280468750000054 0.6650784 0.00538984375000009 0.66328 0.0070304687500000185 0.6621888 0.008750781250000016 0.660704 0.009219531249999946 0.6567968000000001 0.009219531249999946 0.6542975999999999 0.009219531249999946 0.6525791999999999 0.008750781250000016 0.6516415999999999 0.006875781249999946
0 0.24612800000000004 8.125000000003268e-05 0.24459839999999994 0.0008453124999999063 0.24383680000000005 0.0033906249999999362 0.24180159999999998 0.0049164062499999165 0.24001920000000004 0.002626562499999885 0.23798399999999997 0.00364374999999999 0.23671039999999993 0.0046609375000000956 0.23365760000000008 0.0031351562499999375
0 0.19117119999999996 0.0006249999999999645 0.20382719999999993 0.00023359374999998295 0.20484480000000005 0.0015625 0.20624959999999995 0.002734375 0.20648319999999992 0.003749218749999983 0.20500159999999995 0.00421796875000009 0.20187519999999992 0.0047664062499999105 0.19851519999999995 0.0048437500000000355 0.19578240000000005 0.004921093749999983 0.19359359999999998 0.004921093749999983 0.19171840000000007 0.004452343750000054 0.19062400000000004 0.0035148437500000184 0.19039040000000007 0.0029687499999999645 0.19039040000000007 0.0025000000000000356
0 0.11734399999999993 0.002577343749999983 0.12007680000000001 0.000859374999999929 0.12265599999999992 7.890624999991047e-05 0.13171839999999993 0.0019539062499999817 0.13171839999999993 0.004297656249999981 0.13039039999999993 0.005000781250000053 0.12742079999999997 0.006015625000000036 0.12476479999999998 0.005781250000000071 0.12265599999999992 0.005858593750000018 0.12007680000000001 0.005624218750000054 0.1181248 0.0047664062499999105 0.11765760000000007 0.004452343750000054 0.11718720000000005 0.003983593749999947
0 0.11742080000000002 0.523046875 0.11937599999999993 0.52148359375 0.11992320000000004 0.51937421875 0.1207808 0.5192195312500001 0.12343679999999999 0.51913984375 0.12492160000000005 0.5196085937499999 0.12562560000000006 0.5214062499999998 0.12750079999999997 0.5223437500000001 0.12937600000000007 0.5234382812500001 0.12820160000000005 0.5246875000000001 0.12734400000000007 0.5260937499999999 0.1267968 0.5270312500000001 0.12375039999999995 0.52781171875 0.12210879999999999 0.5271085937500001 0.11898560000000007 0.5264054687499999 0.11820160000000009 0.525625
0 0.22781120000000002 0.52195234375 0.23015679999999997 0.5195312499999998 0.2312512 0.5180476562499999 0.23382719999999999 0.5177335937499998 0.23617279999999993 0.5203914062499999 0.23640640000000007 0.5223437500000001 0.23742079999999993 0.52429609375 0.23843840000000008 0.5257820312500001 0.2376576 0.527734375 0.2362496 0.52882890625 0.23288960000000003 0.5284374999999999 0.2299232 0.5269539062499999 0.2266400000000001 0.5247648437500001 0.22789120000000002 0.52359296875
0 0.08679679999999994 0.6373445312499999 0.0902336 0.63968828125 0.09109440000000006 0.6415632812500001 0.09304640000000006 0.6430468750000001 0.09828159999999997 0.6434382812500001 0.09820159999999997 0.6408601562499999 0.09648319999999995 0.6388281250000001 0.09476479999999991 0.6360156250000001 0.09218879999999992 0.6348437499999999 0.08874879999999993 0.63468671875 0.08664000000000005 0.63593828125
0 0.5947647999999999 0.53460859375 0.5954688000000001 0.5307812499999999 0.5982016 0.5322648437499999 0.6010944 0.5364062500000001 0.6010944 0.5393757812499999 0.5997664 0.5406249999999998 0.5971871999999999 0.5426570312500001 0.5942976 0.5450781249999999 0.5902336 0.54585859375 0.5903136 0.54374921875 0.5926560000000001 0.5412507812499999 0.59336 0.5393757812499999 0.5937504 0.5374210937499999 0.5939840000000001 0.53586015625
0 0.5857024 0.5349999999999999 0.5857024 0.53249921875 0.5871872 0.53140703125 0.5878112 0.53085859375 0.5888287999999999 0.5331249999999998 0.5908608 0.5354687499999999 0.5909376 0.5377351562500001 0.5900000000000001 0.53835859375 0.5875007999999999 0.5375781249999999 0.5862496 0.53578046875
0 0.7624992 0.52478828125 0.7638655999999999 0.5228148437500002 0.7659904 0.5209960937500002 0.7687200000000001 0.5220578124999999 0.7708448000000001 0.5241812500000002 0.7673536000000001 0.5261523437500001 0.7652319999999999 0.5261523437500001
