0 0.2711712 0.02468828124999991 0.27429760000000003 0.02296796874999991 0.2750016 0.021407031249999875 0.2763296 0.020546874999999964 0.2785952 0.020858593750000053 0.28039040000000004 0.021484375 0.2812512 0.022733593749999947 0.2827328 0.023985156250000018 0.2845312 0.025234375000000142 0.2828128 0.026717968750000053 0.2814848 0.027812500000000108 0.2795328 0.02812421875000002 0.2744544 0.027186718749999984 0.2698432 0.026328906250000016 0.2705472 0.025468750000000106
0 0.3484384 0.021015625000000072 0.349296 0.01882890624999991 0.3521088 0.01750000000000007 0.3558592 0.017891406250000054 0.3564064 0.02117265624999991 0.3588288 0.02265625 0.3589856 0.023905468749999947 0.3583584 0.025625781249999945 0.3577344 0.027109375000000036 0.3545312 0.027266406249999875 0.3510144 0.027812500000000108 0.347968 0.027735156249999983 0.3462496 0.027109375000000036 0.3442976 0.025077343749999946 0.3443744 0.022890625000000143 0.3450016 0.021953125000000108 0.346016 0.021092968750000017 0.34672000000000003 0.020938281249999947
0 0.387968 0.022421875000000036 0.387968 0.02070390624999998 0.3887488 0.018906250000000034 0.3905472 0.01757734375000002 0.3927328 0.01671953125000005 0.3938272 0.01476484375000009 0.3950016 0.014999218750000053 0.3974208 0.015313281249999911 0.3982816 0.016639843749999984 0.3994528 0.017891406250000054 0.4005472 0.019063281250000053 0.40164160000000004 0.020858593750000053 0.40234240000000004 0.023047656249999982 0.39913919999999997 0.02734375 0.3965632 0.028515625 0.3930464 0.028358593749999984 0.3895328 0.027109375000000036 0.3870304 0.025937500000000037 0.3867968 0.02421953124999998 0.3870304 0.022733593749999947
0 0.8589055999999999 0.022733593749999947 0.8554688 0.01882890624999991 0.85664 0.015313281249999911 0.8623424 0.01296953124999991 0.8646879999999999 0.012735156249999945 0.8703904 0.01867187500000007 0.8717984 0.021561718749999948 0.8694528 0.024374218750000055 0.8676576 0.024374218750000055 0.8647648 0.024922656249999876 0.8625792000000001 0.02460859375000002 0.8620319999999999 0.024453906249999945
0 0.2732032 0.5455468750000001 0.2744544 0.54390625 0.27546879999999996 0.5424999999999999 0.2781248 0.54093671875 0.279296 0.54117109375 0.28023359999999997 0.54257734375 0.2821888 0.542265625 0.2827328 0.5419539062500002 0.2845312 0.54281171875 0.2860928 0.544609375 0.28546879999999997 0.5477335937500001 0.2845312 0.54843671875 0.2818752 0.5491398437499999 0.2795328 0.5489851562500002 0.2758592 0.548828125 0.2750784 0.54804765625 0.274064 0.54828203125 0.2737504 0.5467187499999999
0 0.2483584 0.6409375 0.2496864 0.63945390625 0.250704 0.6378906250000002 0.25336 0.63671875 0.25375040000000004 0.6383593750000001 0.2539072 0.63960859375 0.2543744 0.64132890625 0.2543744 0.6426554687499999 0.2532032 0.6434382812500001 0.249376 0.6431242187499999
0 0.38578239999999997 0.5469531249999999 0.38664 0.5447664062500002 0.3887488 0.5443749999999999 0.3914048 0.5442976562500002 0.3943744 0.54445234375 0.39468800000000004 0.5457812500000001 0.3948448 0.5466414062500002 0.3935936 0.5487507812499999 0.3900768 0.5492968749999999 0.3863296 0.5489851562500002
0 0.8145312 0.54093671875 0.8187488 0.5427343749999999 0.8177344 0.54570390625 0.8161728 0.54757890625 0.8136704 0.5487507812499999 0.8100768 0.5485164062499999 0.8072672000000001 0.5478906249999997 0.8075775999999999 0.5453898437500001 0.8065632 0.5427343749999999 0.8060928 0.5400789062500001 0.8071872000000001 0.5393757812499999 0.8083584 0.53890703125 0.8091392000000001 0.53843828125 0.8103136 0.5381242187499999 0.8114848 0.53820390625 0.8126559999999999 0.5389843750000001 0.8135935999999999 0.5398445312500002
0 0.9194528 0.5487507812499999 0.9179679999999999 0.54749921875 0.9162496000000001 0.5467960937499999 0.9160159999999999 0.5453898437500001 0.9171104 0.5440632812499999 0.9178912 0.5428914062500001 0.9192959999999999 0.542265625 0.9216416000000001 0.5421085937499999 0.9225792 0.5421085937499999 0.9244543999999999 0.54281171875 0.9256256 0.5434375000000001 0.9265632 0.5439835937499999 0.9273440000000001 0.5448437499999998 0.9276576000000001 0.5457812500000001 0.9274207999999999 0.5474218749999998 0.9276576000000001 0.5483593750000001 0.9268736000000001 0.5495312499999999 0.9248448 0.5499999999999998 0.9238272000000001 0.55015703125 0.9205472 0.5495312499999999
0 0.24593600000000002 0.13368906250000007 0.24784 0.13572109374999997 0.2489824 0.13559453125000012 0.2549536 0.14181953125 0.2559712 0.14054921875 0.256096 0.1340710937499999 0.2547008 0.1311484374999999 0.2530496 0.13470624999999997 0.25076160000000003 0.13191015625000002 0.2491104 0.13089531250000003
